6144
6151
4108
6158
6164
6176
12326
8237
4143
12340
6210
14413
2127
14417
6231
6237
6238
6243
14441
6252
14444
12400
12401
14449
6259
12405
6262
6264
6273
8323
12422
4233
4237
12430
6288
4250
6300
6305
6309
6320
12497
6361
6363
6366
12513
12514
6378
2285
6399
2307
12547
6408
6420
6421
10517
6423
6444
2355
12601
10559
6464
12608
12623
12626
2387
10580
4436
4437
4439
6482
2397
6497
10604
4460
12659
12661
6518
14724
2454
6582
4537
6590
14783
14795
14797
2513
12763
6629
10728
10731
4588
2558
14847
14848
10763
6679
12833
12849
8754
4661
6753
6785
2697
6812
4777
2733
2742
12991
6852
10970
6884
6885
10984
4852
13046
11003
4866
6919
4879
4883
6938
13087
6946
9010
6974
4938
11083
4941
6990
4943
13142
4955
4960
2915
13157
13164
2927
13168
13171
13174
7044
7045
7046
7047
7048
4999
7050
11140
5000
5035
7087
13239
5065
13259
13263
13272
13289
13294
5104
13296
7177
7180
13337
13339
5148
7198
7202
13357
3121
7218
13367
9273
7226
7230
13375
7235
7245
7251
5206
7267
3172
5232
3184
5244
3198
3201
5263
3222
11414
7337
5296
7358
5315
9429
7382
3290
5345
9451
11501
1266
11507
7413
1276
13569
13577
7434
13580
7444
1312
13602
1328
5430
5432
1338
1343
13637
5445
5451
5454
5461
7513
11615
5482
13676
1397
13686
13687
1403
9601
1414
7559
7569
7571
13727
13735
7593
3501
1453
1455
7600
1462
7620
11717
5588
5590
13784
5600
1505
5603
1509
13797
7653
3562
7679
11775
13840
5654
13851
1570
3618
7721
9770
3627
13867
3628
7723
5679
7730
7733
1593
7739
5701
13898
5711
5720
3673
13918
3690
7792
1649
7796
9848
11896
5769
5775
3751
3754
7851
1706
1713
11959
7865
3777
3779
3780
7881
7887
3791
7890
5847
11993
3815
1775
1779
3827
5875
14067
7927
7928
1783
7931
7932
3840
12040
5900
7960
7968
3873
14118
12079
12080
5957
14154
3949
12146
14204
14205
14207
14210
14213
12171
1932
6029
10132
3992
3993
6052
12206
4017
1970
12210
12214
4025
6096
10197
10202
14298
14300
2013
4061
4066
2027
2031
12273
4082
4088
14333
2047
